89
34
32
23
54

9089
34
32
23
54

9089
34
32
23
54

9089
34
32
23
54

9089
34
32
23
54

9089
34
32
23
54

9089
34
32
23
54

9089
34
32
23
54

9089
34
32
23
54

9089
34
32
23
54

9089
34
32
23
54

9089
34
32
23
54

9089
34
32
23
54

9089
34
32
23
54

9089
34
32
23
54

9089
34
32
23
54

9089
34
32
23
54

9089
34
32
23
54

9089
34
32
23
54

9089
34
32
23
54

9089
34
32
23
54

9089
34
32
23
54

9089
34
32
23
54

9089
34
32
23
54

9089
34
32
23
54

9089
34
32
23
54

9089
34
32
23
54

9089
34
32
23
54

9089
34
32
23
54

9089
34
32
23
54

9089
34
32
23
54

9089
34
32
23
54

9089
34
32
23
54

9089
34
32
23
54

9089
34
32
23
54

9089
34
32
23
54

9089
34
32
23
54

9089
34
32
23
54

9089
34
32
23
54

9089
34
32
23
54

9089
34
32
23
54

9089
34
32
23
54

9089
34
32
23
54

90
